# row clues
1 1 1 1
1 2 1 3 1
1 1 1 2
6 2 1 1
11 1 1 2
-
15 7 4
1 6 2 2 2 1
4 3 1 3 2
9 1 1 1 2 1
5 1 3 2 1
-
1 3 5 3
1 1 1 2 2 3
5 1 3 2 6
1 3 8 2 1 2
1 3 3 2 1
-
1 1 4 1 1
1 1 1 4
1 3 2 6
1 3 7 1 1
9 3 1 1 8
-
1 2 3 3 3 2 3
3 2 1 9 2 1
8 1 1 2
9 11 1
11 2 5
-
6 1 1 2
4 3
11 4
7 15
5 2 1 2 2 1

# col clues
3 1 1 5 3
2 1 15 3
2 1 1 1 5 3
2 2 1 1 4 3
4 1 1 7 3
-
4 2 1 7 2
4 2 1 2 3 3
7 7 8 2
4 2 7 2 2
4 2 1 1 2 6
-
2 2 1 1 1 1 3
2 2 1 1 1 1 1
1 1 1 4 1 1
2 4 6 2
2 1 2 4 1 1
-
2 1 2 1 1 1 2
3 1 1 4 1 2
1 6 1 2 1 4 1
2 2 1 1 7 1 2
3 1 1 1 2 2 2
-
1 4 1 1 3 1
1 1 2 1 1 2 2 2
1 3 1 1 2 6
2 2 2 4 1 3
1 2 2 2 1 3
-
4 2 1 3 1 2
1 2 2 1 1 1 1
1 1 4 1 2 1
1 4 1 2 2
2 7 5 1

# init board

# answer
ｘｘｘｘｘｘｘ䨻ｘｘｘｘｘｘｘ䨻ｘ䨻ｘｘｘｘｘ䨻ｘｘｘｘｘｘ
ｘｘｘｘｘｘｘ䨻ｘｘｘｘｘｘｘ䨻䨻ｘ䨻ｘｘｘｘ䨻䨻䨻ｘ䨻ｘｘ
ｘｘｘｘｘｘｘ䨻ｘｘｘｘｘｘｘｘ䨻ｘ䨻ｘｘｘｘｘｘ䨻䨻ｘｘｘ
ｘｘｘｘ䨻䨻䨻䨻䨻䨻ｘｘｘｘｘｘ䨻䨻ｘ䨻ｘｘｘｘｘ䨻ｘｘｘｘ
ｘ䨻䨻䨻䨻䨻䨻䨻䨻䨻䨻䨻ｘｘｘｘｘ䨻ｘ䨻ｘｘｘｘｘ䨻䨻ｘｘｘ
䨻䨻䨻䨻䨻䨻䨻䨻䨻䨻䨻䨻䨻䨻䨻ｘｘ䨻䨻䨻䨻䨻䨻䨻ｘｘ䨻䨻䨻䨻
䨻ｘｘｘ䨻䨻䨻䨻䨻䨻ｘｘｘ䨻䨻ｘｘ䨻䨻ｘｘｘｘ䨻䨻ｘｘｘｘ䨻
䨻䨻䨻䨻ｘｘｘｘｘｘ䨻䨻䨻ｘｘｘｘ䨻ｘ䨻䨻䨻ｘｘ䨻䨻ｘｘｘｘ
ｘｘｘ䨻䨻䨻䨻䨻䨻䨻䨻䨻ｘｘｘｘｘ䨻ｘｘ䨻ｘ䨻ｘｘ䨻䨻ｘｘ䨻
ｘｘｘｘｘ䨻䨻䨻䨻䨻ｘｘｘｘｘｘｘｘ䨻ｘ䨻䨻䨻ｘｘｘ䨻䨻ｘ䨻
ｘｘｘｘｘｘｘ䨻ｘｘｘｘｘ䨻䨻䨻ｘｘｘ䨻䨻䨻䨻䨻ｘｘｘ䨻䨻䨻
ｘ䨻ｘｘｘｘｘ䨻ｘｘｘｘｘ䨻ｘｘ䨻䨻ｘｘｘｘｘ䨻䨻ｘｘ䨻䨻䨻
䨻䨻䨻䨻䨻ｘｘ䨻ｘｘｘｘｘ䨻䨻䨻ｘｘ䨻䨻ｘｘｘｘ䨻䨻䨻䨻䨻䨻
ｘ䨻ｘｘｘ䨻䨻䨻ｘｘ䨻䨻䨻䨻䨻䨻䨻䨻ｘｘ䨻䨻ｘ䨻ｘｘｘｘ䨻䨻
ｘ䨻ｘｘｘｘｘ䨻䨻䨻ｘｘｘｘｘｘｘ䨻䨻䨻ｘｘ䨻䨻ｘｘｘｘｘ䨻
ｘ䨻ｘｘｘｘｘｘ䨻ｘｘｘｘｘｘｘｘｘ䨻䨻䨻䨻ｘ䨻ｘ䨻ｘｘｘｘ
ｘ䨻ｘｘｘｘｘｘ䨻ｘｘｘｘｘｘｘｘｘ䨻ｘｘｘ䨻䨻䨻䨻ｘｘｘｘ
ｘ䨻ｘｘｘｘｘ䨻䨻䨻ｘｘｘｘｘｘｘ䨻䨻ｘｘｘｘｘ䨻䨻䨻䨻䨻䨻
ｘ䨻ｘｘｘｘ䨻䨻䨻ｘ䨻䨻䨻䨻䨻䨻䨻ｘ䨻ｘｘｘｘｘｘｘｘｘｘ䨻
䨻䨻䨻䨻䨻䨻䨻䨻䨻ｘｘｘ䨻䨻䨻ｘ䨻ｘ䨻ｘｘｘ䨻䨻䨻䨻䨻䨻䨻䨻
ｘ䨻ｘｘ䨻䨻ｘ䨻䨻䨻ｘｘ䨻䨻䨻ｘ䨻䨻䨻ｘｘ䨻䨻ｘｘｘｘ䨻䨻䨻
䨻䨻䨻ｘ䨻䨻ｘ䨻ｘ䨻䨻䨻䨻䨻䨻䨻䨻䨻ｘｘ䨻䨻ｘｘｘｘｘｘｘ䨻
䨻䨻䨻䨻䨻䨻䨻䨻ｘｘｘｘｘ䨻ｘｘｘ䨻ｘ䨻䨻ｘｘｘｘｘｘｘｘｘ
䨻䨻䨻䨻䨻䨻䨻䨻䨻ｘｘ䨻䨻䨻䨻䨻䨻䨻䨻䨻䨻䨻ｘｘｘｘｘｘ䨻ｘ
䨻䨻䨻䨻䨻䨻䨻䨻䨻䨻䨻ｘｘｘｘｘｘｘｘｘｘ䨻䨻ｘｘ䨻䨻䨻䨻䨻
䨻䨻䨻䨻䨻䨻ｘｘｘ䨻ｘｘｘｘｘｘｘｘｘｘｘｘ䨻ｘ䨻䨻ｘｘｘｘ
ｘｘｘｘｘｘ䨻䨻䨻䨻ｘｘｘｘｘｘｘｘｘｘｘｘ䨻䨻䨻ｘｘｘｘｘ
䨻䨻䨻䨻䨻䨻䨻䨻䨻䨻䨻ｘｘｘｘｘｘｘｘｘｘ䨻䨻䨻䨻ｘｘｘｘｘ
䨻䨻䨻䨻䨻䨻䨻ｘｘ䨻䨻䨻䨻䨻䨻䨻䨻䨻䨻䨻䨻䨻䨻䨻ｘｘｘｘｘｘ
䨻䨻䨻䨻䨻ｘｘｘｘ䨻䨻ｘｘ䨻ｘ䨻䨻ｘ䨻䨻ｘｘ䨻ｘｘｘｘｘｘｘ
